Sezione1
    0.0         0.0     0.495
 180.0        26.8488   0.495
 196.000      27.5160   0.495
 316.000      32.5458   0.495
 436.000      36.1908   0.495
 556.000      38.4168   0.495
 676.000      39.9138   0.495
 796.000      40.5192   0.495
 916.000      40.5822   0.495
1036.000      40.2762   0.495
1156.000      39.6780   0.495
1276.000      38.7900   0.495
1396.000      37.5642   0.495
1516.000      36.0732   0.495
1636.000      34.4772   0.495
1756.000      32.6352   0.495
1876.000      30.5340   0.495
1996.000      28.2102   0.495
2116.000       0.0      0.495
   END
        
        
        
        
        
        
        
        
        
        
        
        
        
        
        
        
        
    
    
    
    
    
    
    
    
    

  
  
  
  
  
  
  
  
  
  
  
  
  
  
  
  
  
  
  
  
  
  
  
  
  
  
  
  
  